40.48 687.87 -8.43
41.47 326.43 -30.57
0.00 0.00 0.00
-41.88 -372.72 136.82
-42.21 -565.94 126.46
84.47 67.82 -244.74
80.11 -31.44 -217.50
139.65 280.67 -397.25
77.40 41.94 -141.69
200.22 -164.86 -584.43
135.99 -603.94 -309.88
214.67 174.85 -633.66
402.19 -639.50 -1106.31
229.27 -474.67 -621.28
-319.41 2814.54 963.63
-698.30 4575.99 1935.69
-1009.37 7780.52 2913.07
-1177.96 10199.78 3343.16
-1550.28 12073.19 4550.70
971.77 633.92 -2795.96
1462.21 -367.08 -4275.93
2212.71 333.12 -6395.07
3072.97 947.47 -8979.47
4614.59 -369.05 -13374.92
-167.79 -1591.91 602.93
-453.65 -3099.40 1429.36
-982.31 -5199.93 2902.34
-1705.86 -7039.01 5077.25
-2705.66 -8103.19 7817.06
-3079.50 -11245.58 8923.76